1 40
1 41
1 42
1 44
1 45
1 46
1 47
1 48
1 53
1 56
1 57
1 58
1 59
1 61
1 62
1 63
1 66
1 67
1 74
1 75
1 76
2 36
2 40
2 41
2 42
2 44
2 46
2 47
2 48
2 49
2 52
2 53
2 54
2 55
2 56
2 57
2 58
2 59
2 60
2 61
2 62
2 63
2 64
2 65
2 66
2 67
2 68
2 74
2 76
2 77
2 80
2 81
2 82
2 189
2 190
2 191
2 197
2 198
2 199
2 252
2 253
2 254
2 255
2 316
2 334
2 335
2 336
2 340
2 353
2 354
2 355
2 356
2 357
2 361
3 37
3 38
3 39
3 40
3 42
3 44
3 45
3 46
3 48
3 50
3 51
3 52
3 53
3 55
3 56
3 59
3 60
3 61
3 62
3 63
3 65
3 67
3 74
3 75
3 76
3 77
3 78
3 79
3 80
3 81
3 189
3 190
3 191
3 193
3 194
3 196
3 197
3 198
3 199
3 217
3 223
3 224
3 225
3 226
3 231
3 232
3 233
3 254
3 258
3 259
3 260
3 261
3 262
3 263
3 264
3 265
3 266
3 267
3 268
3 269
3 270
3 271
3 272
3 273
3 274
3 275
3 276
3 277
3 278
3 279
3 280
3 281
3 282
3 283
3 284
3 285
3 286
3 287
3 288
3 289
3 290
3 291
3 292
3 293
3 294
3 295
3 296
3 297
3 298
3 299
3 300
3 301
3 302
3 303
3 304
3 305
3 306
3 316
3 317
3 318
3 319
3 332
3 333
3 334
3 335
3 336
3 337
3 338
3 339
3 340
3 341
3 342
3 343
3 344
3 345
3 353
3 354
3 355
3 356
3 357
3 358
3 359
3 361
4 37
4 38
4 39
4 40
4 46
4 48
4 51
4 56
4 57
4 59
4 60
4 61
4 62
4 63
4 64
4 65
4 66
4 67
4 74
4 75
4 77
4 78
4 79
4 80
4 81
4 82
4 189
4 190
4 191
4 193
4 194
4 195
4 215
4 216
4 218
4 219
4 223
4 224
4 225
4 231
4 232
4 233
4 240
4 241
4 242
4 246
4 253
4 254
4 306
4 316
4 317
4 318
4 319
4 323
4 324
4 325
4 326
4 327
4 328
4 329
4 332
4 333
4 334
4 335
4 336
4 337
4 339
4 340
4 341
4 342
4 343
4 344
4 345
4 346
4 347
4 348
4 349
4 350
4 351
4 352
4 353
4 354
4 355
4 357
4 358
4 359
4 364
4 383
4 385
4 387
4 388
4 389
4 393
4 394
4 395
4 396
4 397
4 398
4 418
4 419
4 420
4 421
4 479
4 480
4 481
4 482
4 483
4 484
5 37
5 38
5 39
5 40
5 44
5 46
5 47
5 48
5 49
5 51
5 56
5 57
5 59
5 62
5 63
5 64
5 65
5 66
5 69
5 77
5 80
5 81
5 189
5 190
5 191
5 193
5 194
5 195
5 196
5 199
5 211
5 212
5 213
5 214
5 215
5 217
5 218
5 219
5 221
5 222
5 223
5 224
5 225
5 226
5 228
5 229
5 230
5 231
5 232
5 233
5 240
5 241
5 242
5 244
5 245
5 246
5 248
5 249
5 250
5 251
5 253
5 254
5 259
5 260
5 261
5 262
5 263
5 264
5 265
5 266
5 267
5 268
5 269
5 270
5 271
5 272
5 273
5 274
5 275
5 276
5 277
5 278
5 279
5 280
5 281
5 282
5 283
5 284
5 285
5 286
5 287
5 288
5 289
5 290
5 291
5 292
5 293
5 294
5 295
5 296
5 297
5 298
5 299
5 300
5 301
5 302
5 303
5 304
5 306
5 316
5 317
5 318
5 319
5 320
5 321
5 322
5 323
5 324
5 325
5 326
5 330
5 331
5 333
5 334
5 335
5 336
5 337
5 338
5 339
5 340
5 341
5 342
5 344
5 345
5 346
5 347
5 351
5 352
5 353
5 354
5 355
5 356
5 357
5 358
5 364
5 383
5 385
5 390
5 393
5 398
5 409
5 410
5 411
5 412
5 413
5 417
5 419
5 421
5 426
5 427
5 428
5 429
5 469
5 470
5 471
5 472
5 478
5 480
5 482
5 484
6 36
6 37
6 38
6 44
6 46
6 47
6 48
6 49
6 50
6 52
6 53
6 57
6 58
6 63
6 68
6 69
6 75
6 76
6 77
6 80
6 81
6 199
6 211
6 212
6 213
6 214
6 215
6 217
6 218
6 219
6 221
6 222
6 225
6 226
6 227
6 228
6 230
6 231
6 233
6 241
6 243
6 244
6 245
6 246
6 248
6 250
6 251
6 253
6 254
6 255
6 259
6 304
6 306
6 316
6 317
6 318
6 319
6 320
6 321
6 322
6 327
6 328
6 331
6 332
6 333
6 334
6 335
6 337
6 338
6 339
6 340
6 341
6 342
6 344
6 345
6 346
6 347
6 351
6 352
6 353
6 354
6 355
6 356
6 357
6 358
6 359
6 364
6 384
6 385
6 386
6 387
6 388
6 390
6 393
6 398
6 411
6 413
6 417
6 419
6 421
6 429
6 457
6 458
6 459
6 460
6 469
6 473
6 478
6 484
7 17
7 22
7 23
7 36
7 38
7 39
7 44
7 45
7 47
7 48
7 49
7 50
7 51
7 52
7 53
7 63
7 67
7 69
7 72
7 74
7 75
7 76
7 77
7 78
7 79
7 80
7 81
7 199
7 215
7 217
7 218
7 219
7 221
7 222
7 223
7 224
7 229
7 230
7 231
7 232
7 233
7 237
7 238
7 239
7 240
7 241
7 242
7 243
7 244
7 245
7 246
7 249
7 250
7 251
7 259
7 261
7 262
7 263
7 264
7 265
7 266
7 267
7 268
7 269
7 270
7 271
7 272
7 273
7 274
7 275
7 276
7 277
7 278
7 279
7 280
7 281
7 282
7 283
7 284
7 285
7 286
7 287
7 288
7 289
7 290
7 291
7 292
7 293
7 294
7 295
7 296
7 297
7 298
7 299
7 300
7 301
7 302
7 304
7 306
7 316
7 317
7 319
7 324
7 325
7 326
7 331
7 332
7 333
7 334
7 335
7 339
7 342
7 343
7 345
7 347
7 351
7 352
7 353
7 354
7 355
7 359
7 360
7 362
7 363
7 385
7 388
7 393
7 398
7 409
7 411
7 417
7 418
7 420
7 421
7 426
7 427
7 428
7 429
7 456
7 460
7 472
7 473
7 478
7 480
7 482
7 484
7 491
7 492
8 17
8 19
8 20
8 26
8 27
8 29
8 30
8 34
8 35
8 36
8 45
8 46
8 47
8 48
8 49
8 50
8 51
8 52
8 53
8 56
8 57
8 62
8 63
8 66
8 67
8 68
8 69
8 71
8 72
8 73
8 76
8 77
8 78
8 79
8 80
8 81
8 133
8 134
8 135
8 136
8 137
8 138
8 139
8 140
8 141
8 142
8 143
8 144
8 145
8 146
8 147
8 148
8 149
8 150
8 151
8 152
8 153
8 154
8 155
8 156
8 157
8 158
8 159
8 160
8 161
8 162
8 163
8 164
8 165
8 166
8 167
8 168
8 169
8 170
8 171
8 172
8 173
8 174
8 175
8 176
8 177
8 178
8 179
8 180
8 181
8 191
8 195
8 196
8 197
8 198
8 199
8 202
8 203
8 204
8 205
8 206
8 218
8 221
8 222
8 223
8 224
8 229
8 230
8 231
8 233
8 238
8 239
8 240
8 242
8 244
8 248
8 250
8 251
8 252
8 253
8 274
8 279
8 281
8 283
8 288
8 289
8 291
8 292
8 301
8 302
8 303
8 304
8 310
8 311
8 312
8 317
8 318
8 320
8 321
8 324
8 325
8 326
8 327
8 328
8 329
8 330
8 331
8 332
8 333
8 334
8 335
8 336
8 337
8 338
8 339
8 346
8 347
8 348
8 351
8 352
8 353
8 356
8 357
8 358
8 362
8 363
8 383
8 385
8 388
8 390
8 393
8 394
8 395
8 396
8 397
8 398
8 409
8 410
8 411
8 413
8 458
8 460
8 469
8 473
8 480
8 481
8 482
8 483
8 484
8 491
8 494
9 22
9 23
9 24
9 26
9 27
9 29
9 30
9 33
9 34
9 35
9 36
9 37
9 38
9 39
9 41
9 46
9 47
9 48
9 49
9 50
9 51
9 52
9 53
9 54
9 55
9 56
9 57
9 60
9 62
9 63
9 64
9 65
9 66
9 68
9 69
9 70
9 71
9 73
9 74
9 181
9 189
9 191
9 192
9 193
9 194
9 195
9 196
9 197
9 198
9 199
9 201
9 203
9 206
9 210
9 211
9 212
9 213
9 214
9 218
9 223
9 226
9 227
9 228
9 230
9 231
9 232
9 233
9 235
9 236
9 237
9 238
9 239
9 240
9 241
9 242
9 243
9 244
9 245
9 248
9 250
9 253
9 254
9 255
9 275
9 279
9 281
9 282
9 283
9 285
9 286
9 287
9 288
9 291
9 292
9 295
9 310
9 311
9 312
9 314
9 315
9 317
9 318
9 320
9 321
9 324
9 326
9 327
9 328
9 329
9 330
9 331
9 332
9 333
9 334
9 335
9 336
9 337
9 338
9 339
9 349
9 350
9 351
9 352
9 353
9 356
9 357
9 358
9 359
9 402
9 426
9 428
9 429
9 456
9 457
9 459
9 460
9 469
9 470
9 472
9 473
9 492
9 493
9 494
10 21
10 22
10 23
10 24
10 25
10 26
10 27
10 28
10 29
10 30
10 32
10 33
10 34
10 35
10 36
10 38
10 39
10 40
10 41
10 46
10 47
10 48
10 49
10 50
10 51
10 53
10 54
10 55
10 57
10 58
10 59
10 60
10 61
10 62
10 65
10 66
10 68
10 69
10 70
10 71
10 72
10 73
10 74
10 75
10 76
10 77
10 78
10 79
10 80
10 134
10 135
10 136
10 137
10 138
10 139
10 140
10 141
10 142
10 143
10 144
10 145
10 146
10 147
10 148
10 149
10 150
10 151
10 152
10 153
10 154
10 155
10 156
10 157
10 158
10 159
10 160
10 161
10 162
10 163
10 164
10 165
10 166
10 167
10 168
10 169
10 170
10 171
10 172
10 173
10 174
10 175
10 176
10 177
10 178
10 179
10 181
10 189
10 191
10 192
10 193
10 194
10 199
10 202
10 203
10 204
10 205
10 206
10 210
10 211
10 212
10 213
10 218
10 222
10 223
10 226
10 228
10 229
10 230
10 231
10 233
10 234
10 235
10 236
10 237
10 238
10 239
10 240
10 241
10 242
10 243
10 244
10 245
10 246
10 247
10 248
10 250
10 251
10 253
10 275
10 281
10 282
10 283
10 285
10 287
10 288
10 291
10 292
10 295
10 296
10 308
10 310
10 311
10 312
10 319
10 320
10 321
10 324
10 325
10 326
10 328
10 329
10 330
10 332
10 333
10 334
10 335
10 336
10 337
10 339
10 340
10 345
10 346
10 349
10 350
10 351
10 356
10 357
10 358
10 363
10 364
10 402
10 419
10 420
10 421
10 422
10 423
10 473
10 491
11 21
11 22
11 23
11 25
11 26
11 27
11 28
11 29
11 30
11 33
11 34
11 35
11 36
11 37
11 39
11 40
11 45
11 46
11 47
11 48
11 49
11 50
11 51
11 52
11 53
11 54
11 55
11 56
11 57
11 58
11 59
11 61
11 62
11 63
11 64
11 66
11 68
11 69
11 70
11 71
11 74
11 75
11 76
11 77
11 79
11 80
11 134
11 179
11 181
11 190
11 191
11 192
11 193
11 194
11 199
11 201
11 203
11 206
11 210
11 212
11 213
11 214
11 215
11 218
11 222
11 223
11 224
11 226
11 227
11 228
11 229
11 230
11 231
11 233
11 234
11 235
11 236
11 237
11 238
11 239
11 240
11 242
11 243
11 244
11 245
11 246
11 247
11 248
11 250
11 255
11 275
11 281
11 282
11 285
11 286
11 287
11 288
11 290
11 291
11 292
11 293
11 295
11 296
11 297
11 298
11 301
11 302
11 303
11 304
11 305
11 311
11 312
11 319
11 320
11 321
11 322
11 324
11 325
11 326
11 327
11 328
11 332
11 333
11 334
11 335
11 336
11 337
11 339
11 341
11 345
11 346
11 347
11 348
11 349
11 350
11 351
11 352
11 354
11 355
11 358
11 359
11 360
11 361
11 362
11 363
11 364
11 389
11 391
11 392
11 393
11 394
11 395
11 396
11 397
11 402
11 419
11 423
11 463
11 465
11 466
11 469
11 470
11 471
11 472
11 491
11 492
11 493
11 494
12 21
12 22
12 23
12 24
12 25
12 29
12 31
12 32
12 34
12 35
12 36
12 38
12 39
12 40
12 41
12 42
12 43
12 44
12 45
12 46
12 47
12 48
12 49
12 50
12 51
12 52
12 53
12 54
12 55
12 56
12 57
12 61
12 63
12 64
12 65
12 66
12 67
12 68
12 69
12 70
12 71
12 72
12 74
12 75
12 76
12 77
12 78
12 79
12 80
12 134
12 136
12 137
12 138
12 139
12 140
12 141
12 142
12 143
12 144
12 145
12 146
12 147
12 148
12 149
12 150
12 151
12 152
12 153
12 154
12 155
12 156
12 157
12 158
12 159
12 160
12 161
12 162
12 163
12 164
12 165
12 166
12 167
12 168
12 169
12 170
12 171
12 172
12 173
12 174
12 175
12 176
12 177
12 179
12 181
12 190
12 191
12 192
12 193
12 194
12 201
12 203
12 206
12 207
12 210
12 211
12 212
12 213
12 214
12 215
12 218
12 219
12 220
12 221
12 222
12 223
12 224
12 228
12 229
12 233
12 234
12 235
12 236
12 237
12 238
12 239
12 240
12 244
12 245
12 247
12 248
12 249
12 250
12 255
12 267
12 268
12 269
12 275
12 278
12 279
12 280
12 281
12 282
12 290
12 291
12 292
12 293
12 295
12 296
12 297
12 299
12 300
12 301
12 303
12 312
12 319
12 320
12 321
12 322
12 324
12 325
12 326
12 327
12 328
12 329
12 330
12 331
12 332
12 333
12 334
12 335
12 337
12 340
12 341
12 348
12 349
12 351
12 353
12 354
12 355
12 357
12 358
12 359
12 360
12 361
12 362
12 363
12 364
12 389
12 391
12 393
12 395
12 397
12 402
12 410
12 412
12 420
12 422
12 463
12 466
12 482
12 483
12 484
12 485
12 486
12 487
13 21
13 22
13 23
13 24
13 25
13 30
13 31
13 32
13 33
13 34
13 35
13 36
13 38
13 39
13 40
13 41
13 43
13 44
13 45
13 46
13 47
13 48
13 49
13 50
13 51
13 52
13 53
13 55
13 56
13 57
13 58
13 64
13 66
13 67
13 68
13 69
13 70
13 71
13 72
13 74
13 75
13 78
13 79
13 80
13 81
13 134
13 136
13 177
13 179
13 181
13 191
13 201
13 202
13 203
13 204
13 205
13 206
13 214
13 215
13 218
13 219
13 220
13 221
13 222
13 227
13 228
13 236
13 237
13 238
13 239
13 245
13 248
13 249
13 250
13 254
13 255
13 262
13 263
13 269
13 280
13 282
13 284
13 285
13 290
13 291
13 293
13 294
13 295
13 296
13 297
13 298
13 299
13 300
13 301
13 302
13 303
13 307
13 308
13 309
13 310
13 312
13 315
13 316
13 317
13 319
13 320
13 321
13 322
13 324
13 325
13 326
13 329
13 330
13 331
13 332
13 333
13 335
13 336
13 337
13 338
13 339
13 340
13 346
13 347
13 348
13 349
13 351
13 353
13 354
13 355
13 360
13 361
13 362
13 363
13 364
13 397
13 402
13 405
13 406
13 410
13 412
13 419
13 423
13 463
13 464
13 465
13 466
13 482
13 487
14 9
14 10
14 11
14 12
14 13
14 18
14 21
14 22
14 23
14 24
14 25
14 26
14 31
14 32
14 33
14 37
14 38
14 39
14 40
14 41
14 42
14 43
14 48
14 49
14 51
14 52
14 53
14 55
14 56
14 57
14 58
14 61
14 62
14 66
14 67
14 68
14 69
14 70
14 71
14 72
14 73
14 74
14 75
14 78
14 79
14 81
14 82
14 134
14 136
14 138
14 139
14 140
14 141
14 142
14 143
14 144
14 145
14 146
14 147
14 148
14 149
14 150
14 151
14 152
14 153
14 154
14 155
14 156
14 157
14 158
14 159
14 160
14 161
14 162
14 163
14 164
14 165
14 166
14 167
14 168
14 169
14 170
14 171
14 172
14 173
14 174
14 175
14 177
14 179
14 181
14 190
14 192
14 193
14 194
14 195
14 203
14 206
14 207
14 208
14 209
14 211
14 212
14 215
14 216
14 217
14 218
14 219
14 220
14 221
14 227
14 230
14 231
14 232
14 233
14 236
14 237
14 238
14 239
14 250
14 252
14 263
14 264
14 265
14 266
14 268
14 269
14 280
14 281
14 282
14 284
14 285
14 289
14 290
14 291
14 292
14 297
14 298
14 300
14 301
14 307
14 308
14 309
14 310
14 315
14 316
14 317
14 320
14 321
14 322
14 324
14 325
14 326
14 327
14 328
14 329
14 330
14 331
14 332
14 333
14 336
14 337
14 338
14 339
14 340
14 346
14 347
14 348
14 351
14 352
14 353
14 355
14 356
14 360
14 361
14 362
14 368
14 369
14 370
14 371
14 372
14 389
14 393
14 397
14 405
14 406
14 408
14 409
14 410
14 411
14 412
14 419
14 420
14 422
14 423
14 463
14 466
14 487
15 9
15 11
15 13
15 20
15 22
15 23
15 24
15 25
15 26
15 27
15 28
15 29
15 30
15 31
15 32
15 33
15 37
15 38
15 39
15 40
15 41
15 42
15 43
15 48
15 49
15 50
15 51
15 53
15 54
15 55
15 61
15 62
15 63
15 64
15 65
15 66
15 67
15 68
15 69
15 72
15 73
15 74
15 75
15 78
15 79
15 81
15 82
15 134
15 136
15 138
15 175
15 177
15 179
15 181
15 190
15 192
15 193
15 195
15 199
15 201
15 202
15 204
15 205
15 206
15 208
15 209
15 210
15 211
15 212
15 214
15 215
15 216
15 217
15 218
15 219
15 220
15 222
15 223
15 227
15 228
15 230
15 231
15 232
15 233
15 236
15 237
15 238
15 239
15 243
15 244
15 245
15 250
15 251
15 252
15 254
15 255
15 262
15 264
15 281
15 284
15 285
15 286
15 287
15 290
15 291
15 292
15 294
15 297
15 298
15 299
15 300
15 301
15 307
15 308
15 309
15 310
15 314
15 315
15 316
15 317
15 318
15 319
15 321
15 322
15 325
15 326
15 327
15 331
15 333
15 336
15 337
15 338
15 339
15 340
15 346
15 347
15 348
15 349
15 353
15 354
15 356
15 357
15 368
15 372
15 389
15 392
15 394
15 397
15 405
15 407
15 423
15 463
15 464
15 482
15 483
15 484
15 487
16 9
16 11
16 17
16 18
16 20
16 21
16 22
16 24
16 26
16 27
16 28
16 29
16 30
16 31
16 32
16 33
16 35
16 36
16 37
16 38
16 39
16 40
16 41
16 42
16 43
16 48
16 50
16 51
16 52
16 53
16 54
16 55
16 61
16 62
16 63
16 64
16 65
16 66
16 67
16 68
16 69
16 70
16 72
16 73
16 74
16 75
16 76
16 77
16 78
16 79
16 81
16 82
16 86
16 87
16 88
16 91
16 92
16 93
16 94
16 98
16 99
16 101
16 134
16 136
16 138
16 140
16 141
16 142
16 143
16 144
16 145
16 146
16 147
16 148
16 149
16 150
16 151
16 152
16 153
16 154
16 155
16 156
16 157
16 158
16 159
16 160
16 161
16 162
16 163
16 164
16 165
16 166
16 167
16 168
16 169
16 170
16 171
16 172
16 173
16 175
16 177
16 179
16 181
16 190
16 192
16 194
16 195
16 196
16 197
16 199
16 207
16 208
16 209
16 210
16 211
16 212
16 214
16 215
16 216
16 217
16 218
16 220
16 221
16 222
16 223
16 227
16 228
16 229
16 230
16 231
16 232
16 233
16 236
16 237
16 238
16 239
16 243
16 244
16 245
16 246
16 247
16 250
16 251
16 252
16 254
16 255
16 264
16 267
16 269
16 274
16 275
16 279
16 280
16 281
16 282
16 284
16 285
16 286
16 287
16 289
16 290
16 294
16 295
16 296
16 298
16 300
16 301
16 304
16 306
16 307
16 308
16 309
16 310
16 314
16 315
16 316
16 317
16 318
16 319
16 324
16 325
16 326
16 330
16 331
16 332
16 333
16 334
16 335
16 336
16 337
16 338
16 346
16 347
16 348
16 358
16 359
16 368
16 369
16 371
16 372
16 380
16 381
16 383
16 389
16 390
16 393
16 405
16 410
16 412
16 419
16 420
16 421
16 422
16 423
16 481
16 482
16 483
16 484
16 486
16 487
17 9
17 10
17 11
17 12
17 13
17 17
17 18
17 20
17 21
17 24
17 26
17 27
17 28
17 29
17 32
17 33
17 35
17 36
17 38
17 39
17 40
17 41
17 42
17 43
17 48
17 49
17 50
17 51
17 53
17 54
17 55
17 61
17 63
17 66
17 67
17 68
17 69
17 70
17 73
17 74
17 75
17 76
17 77
17 78
17 79
17 80
17 81
17 130
17 131
17 132
17 134
17 136
17 138
17 140
17 173
17 175
17 177
17 179
17 181
17 190
17 192
17 195
17 196
17 197
17 198
17 199
17 205
17 206
17 207
17 211
17 212
17 214
17 215
17 216
17 217
17 218
17 219
17 220
17 221
17 222
17 223
17 228
17 230
17 232
17 233
17 244
17 245
17 246
17 247
17 250
17 251
17 252
17 253
17 254
17 255
17 262
17 263
17 265
17 266
17 267
17 268
17 269
17 274
17 276
17 277
17 279
17 280
17 282
17 284
17 285
17 286
17 287
17 289
17 294
17 295
17 296
17 299
17 300
17 301
17 304
17 305
17 306
17 307
17 308
17 309
17 314
17 315
17 316
17 317
17 318
17 319
17 320
17 321
17 324
17 325
17 326
17 327
17 328
17 329
17 330
17 331
17 332
17 333
17 334
17 335
17 337
17 338
17 339
17 346
17 347
17 348
17 357
17 358
17 359
17 360
17 363
17 368
17 372
17 383
17 389
17 397
17 405
17 406
17 409
17 410
17 412
17 452
17 454
17 455
17 457
17 458
17 469
17 470
17 472
17 473
17 474
17 475
17 478
17 479
17 480
17 481
17 482
17 483
17 484
18 17
18 18
18 21
18 22
18 23
18 24
18 26
18 28
18 30
18 31
18 32
18 33
18 39
18 40
18 41
18 42
18 43
18 46
18 47
18 50
18 51
18 52
18 53
18 54
18 55
18 56
18 57
18 58
18 69
18 70
18 73
18 74
18 75
18 76
18 77
18 78
18 79
18 80
18 81
18 82
18 84
18 85
18 86
18 87
18 88
18 89
18 90
18 91
18 92
18 93
18 94
18 95
18 96
18 97
18 98
18 99
18 100
18 101
18 102
18 103
18 104
18 105
18 106
18 107
18 108
18 109
18 110
18 111
18 112
18 113
18 114
18 115
18 116
18 117
18 118
18 119
18 120
18 121
18 122
18 123
18 124
18 125
18 126
18 131
18 134
18 136
18 138
18 140
18 142
18 143
18 144
18 145
18 146
18 147
18 148
18 149
18 150
18 151
18 152
18 153
18 154
18 155
18 156
18 157
18 158
18 159
18 160
18 161
18 162
18 163
18 164
18 165
18 166
18 167
18 168
18 169
18 170
18 171
18 173
18 175
18 177
18 179
18 181
18 190
18 192
18 193
18 195
18 196
18 197
18 198
18 199
18 204
18 207
18 211
18 212
18 216
18 218
18 219
18 220
18 222
18 223
18 224
18 225
18 226
18 227
18 228
18 231
18 232
18 233
18 238
18 239
18 242
18 243
18 245
18 246
18 247
18 250
18 251
18 252
18 253
18 262
18 264
18 268
18 269
18 281
18 282
18 283
18 284
18 286
18 287
18 288
18 289
18 290
18 293
18 297
18 298
18 299
18 304
18 305
18 306
18 307
18 308
18 309
18 310
18 311
18 312
18 314
18 315
18 316
18 317
18 318
18 319
18 321
18 324
18 327
18 328
18 329
18 331
18 332
18 333
18 334
18 341
18 342
18 343
18 352
18 357
18 368
18 369
18 372
18 380
18 381
18 382
18 383
18 391
18 393
18 395
18 397
18 405
18 407
18 411
18 412
18 427
18 428
18 443
18 444
18 445
18 446
18 447
18 448
18 454
18 456
18 458
18 469
18 471
18 473
18 475
18 478
18 481
18 482
18 483
19 19
19 21
19 23
19 24
19 25
19 26
19 27
19 28
19 30
19 31
19 32
19 33
19 39
19 40
19 41
19 46
19 47
19 48
19 50
19 51
19 52
19 53
19 55
19 56
19 57
19 58
19 61
19 69
19 71
19 73
19 74
19 76
19 77
19 78
19 79
19 81
19 82
19 126
19 129
19 134
19 136
19 138
19 140
19 142
19 171
19 173
19 175
19 177
19 179
19 181
19 189
19 190
19 192
19 193
19 194
19 195
19 196
19 198
19 199
19 204
19 205
19 206
19 207
19 211
19 212
19 216
19 218
19 219
19 220
19 222
19 223
19 224
19 225
19 226
19 227
19 230
19 231
19 232
19 233
19 236
19 237
19 238
19 239
19 243
19 245
19 246
19 247
19 249
19 250
19 254
19 255
19 262
19 263
19 279
19 281
19 282
19 283
19 284
19 285
19 286
19 287
19 288
19 289
19 290
19 297
19 298
19 299
19 304
19 305
19 306
19 307
19 308
19 309
19 310
19 311
19 317
19 318
19 319
19 327
19 328
19 329
19 331
19 332
19 334
19 336
19 337
19 338
19 339
19 340
19 341
19 342
19 343
19 348
19 352
19 353
19 354
19 355
19 357
19 368
19 380
19 383
19 389
19 391
19 392
19 393
19 396
19 397
19 405
19 407
19 426
19 429
19 492
19 493
19 494
19 495
19 496
20 11
20 12
20 14
20 19
20 21
20 24
20 25
20 26
20 27
20 28
20 29
20 30
20 31
20 33
20 35
20 36
20 37
20 38
20 39
20 41
20 43
20 45
20 47
20 49
20 55
20 56
20 57
20 58
20 60
20 61
20 62
20 71
20 77
20 78
20 80
20 81
20 82
20 84
20 85
20 86
20 87
20 88
20 89
20 90
20 91
20 92
20 93
20 94
20 95
20 96
20 97
20 98
20 99
20 100
20 101
20 102
20 103
20 104
20 105
20 106
20 107
20 108
20 109
20 110
20 111
20 112
20 113
20 114
20 115
20 116
20 117
20 118
20 119
20 120
20 121
20 122
20 123
20 124
20 126
20 129
20 131
20 134
20 136
20 138
20 140
20 142
20 144
20 145
20 146
20 147
20 148
20 149
20 150
20 151
20 152
20 153
20 154
20 155
20 156
20 157
20 158
20 159
20 160
20 161
20 162
20 163
20 164
20 165
20 166
20 167
20 168
20 169
20 171
20 173
20 175
20 177
20 179
20 181
20 189
20 190
20 191
20 192
20 193
20 194
20 195
20 196
20 198
20 204
20 211
20 212
20 215
20 216
20 217
20 218
20 219
20 220
20 221
20 222
20 223
20 224
20 225
20 226
20 227
20 228
20 231
20 232
20 235
20 237
20 239
20 240
20 242
20 243
20 246
20 250
20 251
20 252
20 253
20 254
20 274
20 277
20 278
20 279
20 280
20 281
20 282
20 283
20 284
20 285
20 286
20 287
20 289
20 290
20 291
20 293
20 294
20 295
20 298
20 299
20 300
20 304
20 305
20 306
20 307
20 308
20 309
20 310
20 311
20 312
20 316
20 317
20 318
20 319
20 326
20 327
20 328
20 329
20 330
20 336
20 337
20 338
20 340
20 341
20 342
20 343
20 344
20 345
20 346
20 348
20 352
20 353
20 355
20 356
20 357
20 358
20 359
20 360
20 361
20 362
20 370
20 371
20 372
20 381
20 383
20 426
20 427
20 429
20 444
20 445
20 446
20 448
20 479
20 481
20 492
20 496
21 2
21 3
21 4
21 10
21 12
21 14
21 20
21 22
21 28
21 30
21 31
21 33
21 35
21 36
21 37
21 38
21 43
21 44
21 45
21 46
21 47
21 48
21 49
21 55
21 56
21 57
21 58
21 60
21 61
21 62
21 63
21 65
21 66
21 67
21 71
21 73
21 74
21 75
21 77
21 78
21 81
21 82
21 124
21 126
21 129
21 130
21 131
21 132
21 134
21 136
21 138
21 140
21 142
21 144
21 169
21 171
21 173
21 175
21 177
21 179
21 181
21 189
21 190
21 191
21 192
21 193
21 194
21 195
21 196
21 197
21 198
21 199
21 204
21 205
21 211
21 214
21 215
21 216
21 218
21 219
21 222
21 223
21 226
21 227
21 228
21 229
21 230
21 231
21 235
21 236
21 237
21 238
21 239
21 240
21 241
21 243
21 244
21 245
21 246
21 249
21 250
21 252
21 253
21 254
21 255
21 274
21 277
21 278
21 279
21 280
21 281
21 283
21 284
21 285
21 286
21 287
21 288
21 289
21 290
21 291
21 292
21 293
21 295
21 297
21 305
21 306
21 308
21 309
21 310
21 312
21 314
21 326
21 327
21 328
21 329
21 332
21 333
21 336
21 337
21 338
21 339
21 340
21 342
21 343
21 344
21 345
21 346
21 347
21 352
21 353
21 354
21 355
21 356
21 357
21 415
21 417
21 418
21 419
21 420
21 421
21 422
21 426
21 429
21 444
21 446
21 479
21 482
21 495
22 2
22 12
22 14
22 20
22 21
22 22
22 23
22 24
22 25
22 26
22 29
22 35
22 36
22 37
22 39
22 40
22 41
22 43
22 45
22 46
22 47
22 48
22 49
22 53
22 55
22 57
22 58
22 60
22 61
22 62
22 65
22 66
22 67
22 73
22 74
22 76
22 79
22 81
22 82
22 84
22 85
22 86
22 87
22 88
22 89
22 90
22 91
22 92
22 93
22 94
22 95
22 96
22 97
22 98
22 99
22 100
22 101
22 102
22 103
22 104
22 105
22 106
22 107
22 108
22 109
22 110
22 111
22 112
22 113
22 114
22 115
22 116
22 117
22 118
22 119
22 120
22 121
22 122
22 124
22 126
22 134
22 136
22 138
22 140
22 142
22 144
22 146
22 147
22 148
22 149
22 150
22 151
22 152
22 153
22 154
22 155
22 156
22 157
22 158
22 159
22 160
22 161
22 162
22 163
22 164
22 165
22 166
22 167
22 169
22 171
22 173
22 175
22 177
22 179
22 181
22 189
22 190
22 191
22 192
22 193
22 194
22 195
22 196
22 197
22 198
22 199
22 211
22 214
22 215
22 216
22 217
22 218
22 219
22 220
22 221
22 222
22 223
22 225
22 226
22 227
22 229
22 230
22 231
22 234
22 235
22 236
22 237
22 238
22 239
22 243
22 244
22 245
22 249
22 250
22 251
22 252
22 254
22 255
22 277
22 278
22 280
22 281
22 282
22 284
22 285
22 286
22 287
22 290
22 291
22 292
22 293
22 294
22 295
22 304
22 305
22 306
22 314
22 322
22 326
22 327
22 328
22 329
22 331
22 333
22 334
22 336
22 337
22 339
22 340
22 341
22 342
22 343
22 344
22 345
22 346
22 347
22 352
22 353
22 354
22 355
22 356
22 359
22 448
22 472
22 473
22 474
22 479
22 480
22 481
22 492
22 496
23 2
23 3
23 4
23 5
23 10
23 12
23 13
23 21
23 22
23 24
23 25
23 27
23 28
23 30
23 31
23 35
23 36
23 37
23 38
23 39
23 40
23 41
23 42
23 43
23 49
23 55
23 56
23 57
23 58
23 60
23 61
23 62
23 64
23 65
23 71
23 72
23 73
23 74
23 75
23 76
23 77
23 78
23 81
23 122
23 124
23 126
23 134
23 136
23 138
23 140
23 142
23 144
23 146
23 167
23 169
23 171
23 173
23 175
23 177
23 179
23 181
23 207
23 214
23 215
23 217
23 218
23 219
23 221
23 222
23 223
23 225
23 227
23 230
23 231
23 234
23 237
23 238
23 239
23 240
23 242
23 249
23 250
23 251
23 252
23 253
23 254
23 255
23 257
23 268
23 269
23 273
23 276
23 277
23 278
23 279
23 281
23 282
23 284
23 285
23 286
23 287
23 288
23 289
23 292
23 293
23 294
23 295
23 299
23 305
23 306
23 307
23 308
23 310
23 311
23 312
23 313
23 314
23 320
23 321
23 322
23 326
23 327
23 328
23 329
23 332
23 333
23 334
23 337
23 338
23 339
23 340
23 341
23 342
23 344
23 345
23 346
23 347
23 349
23 350
23 351
23 353
23 354
23 355
23 356
23 359
23 361
23 362
23 363
23 364
23 367
23 368
23 369
23 371
23 377
23 378
23 379
23 423
23 424
23 425
23 427
23 428
23 445
23 446
23 447
23 448
23 455
23 456
23 457
23 458
23 471
23 474
23 479
23 482
23 489
23 492
23 493
23 495
23 496
24 2
24 5
24 19
24 21
24 22
24 23
24 24
24 25
24 26
24 28
24 29
24 36
24 38
24 40
24 41
24 42
24 43
24 44
24 45
24 46
24 47
24 48
24 49
24 52
24 53
24 64
24 65
24 71
24 72
24 73
24 74
24 75
24 77
24 78
24 79
24 81
24 82
24 84
24 85
24 86
24 87
24 88
24 89
24 90
24 91
24 92
24 93
24 94
24 95
24 96
24 97
24 98
24 99
24 100
24 101
24 102
24 103
24 104
24 105
24 106
24 107
24 108
24 109
24 110
24 111
24 112
24 113
24 114
24 115
24 116
24 117
24 118
24 119
24 120
24 122
24 124
24 126
24 134
24 136
24 138
24 140
24 142
24 144
24 146
24 148
24 149
24 150
24 151
24 152
24 153
24 154
24 155
24 156
24 157
24 158
24 159
24 160
24 161
24 162
24 163
24 164
24 165
24 167
24 169
24 171
24 173
24 175
24 177
24 179
24 181
24 204
24 205
24 206
24 207
24 214
24 216
24 217
24 218
24 219
24 220
24 222
24 227
24 229
24 230
24 231
24 234
24 237
24 238
24 239
24 240
24 241
24 242
24 249
24 251
24 252
24 253
24 254
24 255
24 257
24 260
24 261
24 263
24 264
24 269
24 270
24 272
24 273
24 275
24 276
24 277
24 278
24 279
24 280
24 283
24 284
24 288
24 289
24 290
24 292
24 293
24 294
24 299
24 307
24 308
24 309
24 310
24 315
24 316
24 317
24 318
24 322
24 326
24 327
24 328
24 329
24 332
24 339
24 340
24 341
24 342
24 343
24 344
24 345
24 348
24 359
24 363
24 364
24 367
24 369
24 371
24 375
24 377
24 455
24 457
24 459
24 471
24 472
24 480
24 481
24 482
24 489
24 492
24 496
25 2
25 3
25 4
25 5
25 17
25 19
25 21
25 23
25 24
25 25
25 36
25 38
25 39
25 40
25 41
25 42
25 43
25 44
25 45
25 46
25 47
25 48
25 49
25 57
25 58
25 59
25 60
25 64
25 70
25 71
25 72
25 73
25 74
25 75
25 76
25 77
25 81
25 82
25 120
25 122
25 124
25 126
25 128
25 131
25 132
25 134
25 136
25 138
25 140
25 142
25 144
25 146
25 148
25 165
25 167
25 169
25 171
25 173
25 175
25 177
25 179
25 181
25 204
25 206
25 207
25 210
25 211
25 212
25 213
25 214
25 215
25 216
25 217
25 218
25 219
25 220
25 227
25 230
25 231
25 232
25 233
25 234
25 238
25 239
25 240
25 242
25 243
25 244
25 245
25 246
25 251
25 253
25 254
25 255
25 257
25 260
25 264
25 268
25 270
25 273
25 275
25 276
25 277
25 278
25 279
25 283
25 284
25 288
25 289
25 290
25 292
25 293
25 294
25 295
25 299
25 300
25 302
25 307
25 308
25 309
25 310
25 311
25 312
25 313
25 314
25 315
25 316
25 317
25 318
25 319
25 320
25 321
25 322
25 348
25 349
25 358
25 361
25 364
25 365
25 372
25 374
25 375
25 380
25 381
25 382
25 386
25 391
25 392
25 393
25 404
25 405
25 406
25 407
25 408
25 409
25 410
25 411
25 412
25 413
25 414
25 415
25 416
25 417
25 418
25 419
25 420
25 421
25 422
25 423
25 424
25 425
25 426
25 427
25 428
25 429
25 430
25 431
25 432
25 433
25 434
25 435
25 436
25 437
25 438
25 455
25 457
25 459
25 464
25 465
25 468
25 471
25 489
25 492
25 494
25 495
25 496
26 19
26 22
26 23
26 24
26 25
26 26
26 27
26 28
26 31
26 32
26 33
26 34
26 35
26 37
26 38
26 39
26 40
26 41
26 43
26 44
26 45
26 46
26 47
26 49
26 53
26 54
26 57
26 58
26 59
26 60
26 64
26 65
26 66
26 67
26 69
26 70
26 71
26 72
26 73
26 74
26 75
26 76
26 77
26 82
26 85
26 86
26 87
26 88
26 89
26 90
26 91
26 92
26 93
26 94
26 95
26 96
26 97
26 98
26 99
26 100
26 101
26 102
26 103
26 104
26 105
26 106
26 107
26 108
26 109
26 110
26 111
26 112
26 113
26 114
26 115
26 116
26 117
26 118
26 120
26 122
26 124
26 126
26 128
26 131
26 134
26 136
26 138
26 140
26 142
26 144
26 146
26 148
26 150
26 151
26 152
26 153
26 154
26 155
26 156
26 157
26 158
26 159
26 160
26 161
26 162
26 163
26 165
26 167
26 169
26 171
26 173
26 175
26 177
26 179
26 181
26 204
26 207
26 209
26 210
26 211
26 212
26 213
26 214
26 215
26 216
26 220
26 221
26 223
26 226
26 227
26 228
26 230
26 231
26 232
26 235
26 236
26 238
26 239
26 240
26 241
26 242
26 243
26 244
26 245
26 246
26 248
26 249
26 250
26 251
26 252
26 253
26 254
26 255
26 260
26 261
26 263
26 264
26 268
26 270
26 273
26 275
26 277
26 283
26 284
26 288
26 289
26 290
26 293
26 294
26 300
26 301
26 302
26 303
26 306
26 308
26 309
26 310
26 315
26 316
26 317
26 318
26 319
26 320
26 321
26 322
26 324
26 327
26 328
26 348
26 349
26 352
26 353
26 358
26 359
26 364
26 365
26 377
26 378
26 381
26 383
26 385
26 386
26 389
26 390
26 391
26 392
26 393
26 394
26 395
26 446
26 447
26 449
26 450
26 451
26 452
26 455
26 456
26 457
26 458
26 459
26 464
26 468
26 472
26 474
26 489
27 24
27 25
27 28
27 29
27 30
27 34
27 35
27 36
27 37
27 38
27 39
27 40
27 41
27 42
27 43
27 44
27 46
27 47
27 49
27 53
27 54
27 59
27 60
27 61
27 64
27 65
27 66
27 67
27 69
27 70
27 71
27 72
27 73
27 75
27 76
27 85
27 118
27 120
27 122
27 124
27 126
27 131
27 134
27 136
27 138
27 140
27 142
27 144
27 146
27 148
27 150
27 153
27 154
27 155
27 156
27 157
27 158
27 159
27 160
27 161
27 162
27 163
27 165
27 167
27 169
27 171
27 173
27 175
27 177
27 179
27 181
27 187
27 188
27 189
27 190
27 204
27 206
27 209
27 211
27 212
27 213
27 214
27 216
27 221
27 222
27 223
27 226
27 227
27 228
27 229
27 230
27 231
27 232
27 233
27 239
27 241
27 242
27 243
27 244
27 245
27 246
27 248
27 249
27 252
27 253
27 254
27 260
27 268
27 269
27 270
27 272
27 273
27 283
27 289
27 293
27 294
27 295
27 296
27 299
27 300
27 301
27 302
27 303
27 304
27 306
27 308
27 309
27 310
27 311
27 312
27 315
27 316
27 317
27 318
27 319
27 322
27 324
27 326
27 328
27 348
27 349
27 350
27 352
27 354
27 355
27 356
27 357
27 361
27 362
27 364
27 365
27 369
27 370
27 373
27 374
27 377
27 378
27 379
27 386
27 388
27 389
27 390
27 391
27 392
27 393
27 394
27 395
27 396
27 397
27 405
27 406
27 407
27 408
27 409
27 410
27 411
27 412
27 413
27 414
27 415
27 416
27 417
27 418
27 419
27 420
27 421
27 422
27 423
27 424
27 425
27 426
27 427
27 428
27 429
27 430
27 431
27 432
27 433
27 434
27 435
27 436
27 437
27 438
27 445
27 447
27 450
27 452
27 465
27 467
27 489
28 7
28 8
28 9
28 10
28 11
28 18
28 28
28 30
28 34
28 35
28 37
28 38
28 39
28 40
28 41
28 53
28 54
28 58
28 59
28 64
28 65
28 66
28 67
28 69
28 70
28 71
28 72
28 73
28 74
28 75
28 76
28 78
28 79
28 85
28 87
28 88
28 89
28 90
28 91
28 92
28 93
28 94
28 95
28 96
28 97
28 98
28 99
28 100
28 101
28 102
28 103
28 104
28 105
28 106
28 107
28 108
28 109
28 110
28 111
28 112
28 113
28 114
28 115
28 116
28 118
28 120
28 122
28 124
28 126
28 128
28 131
28 134
28 136
28 138
28 140
28 142
28 144
28 146
28 148
28 150
28 165
28 167
28 169
28 171
28 173
28 175
28 177
28 179
28 181
28 186
28 190
28 210
28 211
28 212
28 213
28 214
28 215
28 219
28 220
28 222
28 227
28 228
28 229
28 231
28 232
28 233
28 236
28 238
28 239
28 240
28 241
28 242
28 243
28 244
28 245
28 246
28 248
28 249
28 250
28 251
28 252
28 253
28 254
28 260
28 264
28 268
28 276
28 278
28 279
28 280
28 281
28 287
28 288
28 289
28 290
28 293
28 294
28 296
28 298
28 299
28 300
28 301
28 302
28 303
28 304
28 306
28 307
28 308
28 309
28 310
28 311
28 312
28 313
28 314
28 315
28 316
28 317
28 324
28 326
28 328
28 350
28 354
28 355
28 356
28 357
28 361
28 362
28 363
28 364
28 367
28 368
28 369
28 370
28 372
28 373
28 374
28 375
28 377
28 378
28 380
28 386
28 389
28 390
28 392
28 393
28 394
28 395
28 396
28 397
28 405
28 445
28 446
28 447
28 448
28 449
28 450
28 451
28 464
29 8
29 10
29 12
29 16
29 28
29 29
29 30
29 33
29 34
29 35
29 36
29 37
29 38
29 39
29 40
29 41
29 42
29 53
29 54
29 55
29 58
29 59
29 69
29 70
29 71
29 72
29 75
29 76
29 77
29 78
29 79
29 82
29 85
29 87
29 116
29 118
29 120
29 122
29 124
29 126
29 128
29 134
29 136
29 138
29 140
29 142
29 144
29 146
29 148
29 150
29 151
29 152
29 153
29 154
29 155
29 156
29 157
29 158
29 159
29 160
29 161
29 162
29 163
29 164
29 165
29 167
29 169
29 171
29 173
29 175
29 177
29 179
29 181
29 186
29 187
29 190
29 209
29 210
29 213
29 214
29 216
29 217
29 218
29 219
29 222
29 223
29 225
29 227
29 228
29 230
29 231
29 232
29 236
29 237
29 238
29 239
29 240
29 241
29 242
29 243
29 245
29 246
29 247
29 248
29 251
29 252
29 253
29 254
29 276
29 278
29 279
29 280
29 281
29 287
29 288
29 289
29 290
29 291
29 293
29 294
29 295
29 296
29 297
29 298
29 300
29 301
29 302
29 305
29 306
29 308
29 309
29 310
29 312
29 313
29 314
29 315
29 316
29 317
29 322
29 324
29 326
29 327
29 328
29 352
29 354
29 355
29 356
29 357
29 358
29 362
29 363
29 364
29 367
29 369
29 370
29 378
29 379
29 380
29 381
29 382
29 385
29 386
29 389
29 390
29 391
29 392
29 393
29 394
29 405
29 407
29 408
29 409
29 410
29 411
29 412
29 413
29 414
29 415
29 416
29 417
29 418
29 419
29 420
29 421
29 422
29 423
29 424
29 425
29 426
29 427
29 428
29 429
29 430
29 431
29 432
29 433
29 434
29 435
29 436
29 437
29 438
29 447
29 450
29 452
29 456
29 457
29 458
29 464
29 465
29 467
29 468
29 474
29 475
29 478
29 481
29 482
29 489
29 490
29 491
29 492
29 493
29 494
29 495
30 6
30 15
30 16
30 22
30 26
30 28
30 29
30 31
30 32
30 33
30 34
30 35
30 36
30 37
30 38
30 39
30 40
30 41
30 42
30 45
30 46
30 55
30 63
30 69
30 70
30 71
30 72
30 76
30 77
30 78
30 79
30 80
30 82
30 85
30 87
30 89
30 90
30 91
30 92
30 93
30 94
30 95
30 96
30 97
30 98
30 99
30 100
30 101
30 102
30 103
30 104
30 105
30 106
30 107
30 108
30 109
30 110
30 111
30 112
30 113
30 114
30 116
30 118
30 120
30 122
30 124
30 126
30 128
30 134
30 136
30 138
30 140
30 142
30 144
30 146
30 148
30 167
30 169
30 171
30 173
30 175
30 177
30 179
30 181
30 190
30 200
30 201
30 202
30 204
30 207
30 208
30 209
30 210
30 211
30 212
30 213
30 214
30 215
30 216
30 217
30 219
30 220
30 222
30 225
30 227
30 228
30 229
30 230
30 234
30 235
30 236
30 237
30 238
30 239
30 240
30 241
30 242
30 243
30 245
30 251
30 252
30 254
30 257
30 258
30 259
30 260
30 261
30 262
30 263
30 264
30 265
30 266
30 267
30 268
30 269
30 270
30 271
30 272
30 273
30 276
30 277
30 278
30 279
30 281
30 282
30 283
30 290
30 291
30 292
30 293
30 294
30 296
30 297
30 300
30 301
30 302
30 304
30 305
30 306
30 308
30 310
30 311
30 312
30 313
30 314
30 315
30 316
30 317
30 321
30 340
30 341
30 342
30 343
30 348
30 352
30 353
30 355
30 356
30 357
30 361
30 362
30 363
30 365
30 367
30 368
30 370
30 371
30 373
30 374
30 378
30 379
30 380
30 381
30 382
30 383
30 384
30 385
30 386
30 390
30 391
30 392
30 393
30 394
30 405
30 407
30 445
30 447
30 452
30 456
30 459
30 464
30 472
30 475
30 478
30 482
30 490
30 492
30 494
30 496
31 6
31 8
31 10
31 15
31 16
31 19
31 21
31 22
31 23
31 26
31 27
31 28
31 40
31 41
31 42
31 43
31 44
31 46
31 48
31 49
31 50
31 62
31 63
31 70
31 71
31 72
31 75
31 76
31 77
31 78
31 79
31 80
31 81
31 82
31 85
31 87
31 89
31 114
31 116
31 118
31 120
31 122
31 124
31 126
31 128
31 134
31 136
31 138
31 140
31 142
31 144
31 146
31 148
31 149
31 150
31 151
31 152
31 153
31 154
31 155
31 156
31 157
31 158
31 159
31 160
31 161
31 162
31 163
31 164
31 165
31 166
31 167
31 169
31 171
31 173
31 175
31 177
31 179
31 181
31 186
31 187
31 189
31 202
31 206
31 207
31 208
31 215
31 216
31 217
31 218
31 219
31 220
31 224
31 229
31 230
31 231
31 232
31 233
31 234
31 235
31 236
31 237
31 238
31 239
31 241
31 242
31 243
31 244
31 245
31 276
31 278
31 279
31 282
31 283
31 284
31 285
31 286
31 291
31 292
31 293
31 296
31 297
31 300
31 301
31 304
31 305
31 306
31 307
31 308
31 322
31 343
31 348
31 350
31 353
31 354
31 355
31 356
31 357
31 361
31 362
31 363
31 364
31 365
31 367
31 368
31 369
31 370
31 371
31 373
31 374
31 375
31 376
31 378
31 379
31 380
31 381
31 382
31 383
31 384
31 385
31 390
31 391
31 392
31 393
31 394
31 405
31 407
31 409
31 410
31 411
31 412
31 413
31 414
31 415
31 416
31 417
31 418
31 419
31 420
31 421
31 422
31 423
31 424
31 425
31 426
31 427
31 428
31 429
31 430
31 431
31 432
31 433
31 434
31 435
31 436
31 437
31 438
31 445
31 446
31 447
31 448
31 449
31 450
31 451
31 452
31 456
31 457
31 458
31 459
31 464
31 467
31 468
31 473
31 474
31 478
31 479
31 481
31 482
32 6
32 7
32 8
32 9
32 10
32 16
32 19
32 20
32 21
32 22
32 23
32 24
32 25
32 26
32 27
32 28
32 31
32 32
32 40
32 41
32 42
32 43
32 44
32 45
32 46
32 48
32 49
32 50
32 54
32 55
32 62
32 63
32 70
32 71
32 72
32 75
32 76
32 77
32 78
32 79
32 80
32 81
32 85
32 87
32 89
32 91
32 92
32 93
32 94
32 95
32 96
32 97
32 98
32 99
32 100
32 101
32 102
32 103
32 104
32 105
32 106
32 107
32 108
32 109
32 110
32 111
32 112
32 114
32 116
32 118
32 120
32 122
32 124
32 126
32 128
32 134
32 136
32 138
32 140
32 142
32 144
32 146
32 169
32 171
32 173
32 175
32 177
32 179
32 181
32 186
32 190
32 200
32 206
32 208
32 215
32 216
32 217
32 218
32 220
32 222
32 223
32 224
32 229
32 230
32 231
32 232
32 234
32 235
32 236
32 237
32 239
32 240
32 241
32 242
32 243
32 244
32 245
32 258
32 259
32 260
32 261
32 262
32 263
32 264
32 265
32 266
32 267
32 268
32 269
32 270
32 271
32 272
32 273
32 276
32 277
32 278
32 279
32 281
32 282
32 283
32 285
32 286
32 289
32 292
32 293
32 295
32 296
32 297
32 299
32 300
32 301
32 302
32 303
32 304
32 305
32 306
32 307
32 312
32 315
32 317
32 318
32 319
32 320
32 321
32 322
32 325
32 326
32 327
32 328
32 329
32 332
32 333
32 334
32 335
32 336
32 340
32 342
32 343
32 348
32 350
32 354
32 355
32 356
32 361
32 362
32 363
32 364
32 366
32 367
32 368
32 369
32 370
32 371
32 373
32 374
32 376
32 377
32 378
32 379
32 380
32 381
32 382
32 383
32 385
32 386
32 391
32 392
32 393
32 394
32 395
32 396
32 397
32 399
32 405
32 407
32 409
32 445
32 447
32 450
32 452
32 456
32 459
32 472
32 478
32 482
32 489
32 495
32 496
33 15
33 16
33 18
33 19
33 20
33 22
33 23
33 25
33 26
33 27
33 28
33 29
33 30
33 31
33 32
33 33
33 39
33 40
33 41
33 42
33 43
33 45
33 46
33 47
33 48
33 50
33 51
33 52
33 54
33 55
33 62
33 63
33 70
33 71
33 72
33 75
33 76
33 77
33 78
33 79
33 80
33 81
33 82
33 85
33 87
33 89
33 91
33 112
33 114
33 116
33 118
33 120
33 122
33 124
33 126
33 134
33 136
33 138
33 140
33 142
33 144
33 146
33 147
33 148
33 149
33 150
33 151
33 152
33 153
33 154
33 155
33 156
33 157
33 158
33 159
33 160
33 161
33 162
33 163
33 164
33 165
33 166
33 167
33 168
33 169
33 171
33 173
33 175
33 177
33 179
33 181
33 186
33 187
33 188
33 190
33 200
33 202
33 204
33 209
33 215
33 216
33 217
33 218
33 219
33 220
33 224
33 229
33 230
33 231
33 232
33 234
33 235
33 236
33 237
33 241
33 242
33 243
33 244
33 245
33 252
33 258
33 277
33 278
33 279
33 285
33 286
33 290
33 291
33 292
33 295
33 296
33 297
33 298
33 299
33 304
33 305
33 306
33 316
33 317
33 318
33 319
33 320
33 321
33 322
33 325
33 327
33 329
33 332
33 336
33 340
33 349
33 350
33 355
33 356
33 357
33 358
33 359
33 361
33 362
33 363
33 364
33 366
33 367
33 368
33 369
33 373
33 374
33 375
33 376
33 377
33 380
33 381
33 382
33 383
33 384
33 385
33 386
33 393
33 394
33 395
33 396
33 397
33 399
33 402
33 403
33 405
33 407
33 409
33 411
33 412
33 413
33 414
33 415
33 416
33 417
33 418
33 419
33 420
33 421
33 422
33 423
33 424
33 425
33 426
33 427
33 428
33 429
33 430
33 431
33 432
33 433
33 434
33 435
33 436
33 437
33 438
33 445
33 448
33 449
33 450
33 451
33 456
33 457
33 458
33 459
33 472
33 473
33 474
33 475
33 478
33 479
33 481
33 482
33 492
33 493
33 496
34 2
34 3
34 4
34 5
34 11
34 12
34 21
34 22
34 23
34 24
34 25
34 26
34 27
34 28
34 29
34 30
34 31
34 32
34 33
34 34
34 39
34 40
34 41
34 42
34 43
34 44
34 50
34 51
34 52
34 54
34 55
34 57
34 58
34 61
34 63
34 64
34 65
34 66
34 75
34 76
34 78
34 79
34 81
34 82
34 85
34 87
34 89
34 91
34 93
34 94
34 95
34 96
34 97
34 98
34 99
34 100
34 101
34 102
34 103
34 104
34 105
34 106
34 107
34 108
34 109
34 110
34 112
34 114
34 116
34 118
34 120
34 122
34 124
34 126
34 130
34 131
34 134
34 136
34 138
34 140
34 142
34 144
34 171
34 173
34 175
34 177
34 179
34 181
34 200
34 202
34 203
34 205
34 206
34 214
34 215
34 216
34 218
34 219
34 220
34 224
34 225
34 226
34 228
34 229
34 230
34 231
34 234
34 235
34 236
34 237
34 242
34 243
34 244
34 251
34 252
34 253
34 258
34 260
34 261
34 262
34 263
34 264
34 265
34 266
34 267
34 268
34 269
34 270
34 271
34 272
34 273
34 276
34 277
34 278
34 279
34 285
34 287
34 288
34 289
34 295
34 297
34 301
34 302
34 303
34 304
34 305
34 306
34 308
34 314
34 315
34 316
34 317
34 318
34 319
34 329
34 332
34 335
34 336
34 341
34 342
34 348
34 355
34 356
34 357
34 358
34 366
34 367
34 368
34 370
34 371
34 372
34 373
34 374
34 375
34 377
34 380
34 381
34 382
34 384
34 385
34 386
34 387
34 388
34 389
34 390
34 393
34 394
34 395
34 396
34 397
34 398
34 399
34 402
34 405
34 407
34 409
34 411
34 478
34 482
34 489
34 495
34 496
35 2
35 4
35 6
35 11
35 12
35 22
35 23
35 24
35 25
35 26
35 27
35 29
35 30
35 33
35 39
35 40
35 41
35 42
35 43
35 44
35 47
35 49
35 50
35 52
35 61
35 63
35 64
35 65
35 66
35 71
35 74
35 75
35 76
35 77
35 78
35 79
35 81
35 82
35 85
35 87
35 89
35 91
35 93
35 110
35 112
35 114
35 116
35 118
35 120
35 122
35 124
35 126
35 132
35 134
35 136
35 138
35 140
35 142
35 144
35 145
35 146
35 147
35 148
35 149
35 150
35 151
35 152
35 153
35 154
35 155
35 156
35 157
35 158
35 159
35 160
35 161
35 162
35 163
35 164
35 165
35 166
35 167
35 168
35 169
35 170
35 171
35 173
35 175
35 177
35 179
35 181
35 184
35 185
35 186
35 187
35 188
35 189
35 190
35 207
35 208
35 209
35 214
35 215
35 216
35 217
35 218
35 224
35 225
35 226
35 227
35 228
35 229
35 230
35 231
35 232
35 233
35 234
35 235
35 236
35 237
35 238
35 249
35 250
35 251
35 252
35 253
35 258
35 260
35 276
35 277
35 278
35 285
35 287
35 288
35 289
35 290
35 291
35 292
35 296
35 297
35 298
35 302
35 303
35 304
35 305
35 306
35 307
35 308
35 310
35 314
35 315
35 316
35 319
35 325
35 327
35 329
35 332
35 348
35 349
35 350
35 355
35 356
35 357
35 358
35 359
35 362
35 363
35 367
35 368
35 369
35 370
35 371
35 377
35 379
35 380
35 381
35 384
35 385
35 386
35 387
35 388
35 389
35 390
35 396
35 397
35 398
35 399
35 402
35 403
35 405
35 407
35 409
35 411
35 413
35 414
35 415
35 416
35 417
35 418
35 419
35 420
35 421
35 422
35 423
35 424
35 425
35 426
35 427
35 428
35 429
35 430
35 431
35 432
35 433
35 434
35 435
35 436
35 437
35 438
35 441
35 442
35 445
35 452
35 453
35 454
35 455
35 456
35 478
35 480
35 481
35 482
35 496
36 2
36 4
36 11
36 12
36 19
36 22
36 23
36 24
36 25
36 27
36 28
36 29
36 30
36 31
36 33
36 39
36 40
36 41
36 42
36 43
36 47
36 48
36 49
36 50
36 54
36 55
36 56
36 61
36 63
36 64
36 71
36 73
36 74
36 77
36 78
36 79
36 80
36 81
36 85
36 87
36 89
36 91
36 93
36 95
36 96
36 97
36 98
36 99
36 100
36 101
36 102
36 103
36 104
36 105
36 106
36 107
36 108
36 110
36 112
36 114
36 116
36 118
36 120
36 122
36 124
36 126
36 134
36 136
36 138
36 140
36 142
36 173
36 175
36 177
36 179
36 181
36 184
36 186
36 190
36 207
36 208
36 210
36 216
36 217
36 218
36 222
36 223
36 224
36 225
36 227
36 228
36 229
36 230
36 231
36 232
36 234
36 235
36 236
36 238
36 241
36 242
36 243
36 244
36 245
36 246
36 249
36 250
36 251
36 252
36 253
36 258
36 260
36 262
36 263
36 264
36 265
36 266
36 267
36 268
36 269
36 270
36 271
36 272
36 273
36 274
36 275
36 276
36 277
36 278
36 280
36 281
36 282
36 283
36 284
36 287
36 288
36 289
36 290
36 291
36 292
36 295
36 296
36 297
36 298
36 302
36 303
36 304
36 305
36 306
36 308
36 310
36 311
36 319
36 325
36 326
36 327
36 328
36 329
36 333
36 335
36 336
36 340
36 341
36 344
36 348
36 349
36 352
36 353
36 354
36 355
36 356
36 359
36 362
36 363
36 364
36 365
36 368
36 370
36 371
36 372
36 373
36 374
36 379
36 380
36 381
36 384
36 385
36 386
36 387
36 388
36 389
36 390
36 402
36 405
36 407
36 409
36 411
36 413
36 441
36 443
36 445
36 452
36 456
36 459
36 461
36 463
36 466
36 467
36 468
36 469
36 470
36 471
36 472
36 490
36 492
36 494
36 496
37 2
37 3
37 4
37 5
37 6
37 11
37 16
37 20
37 21
37 22
37 24
37 25
37 30
37 31
37 33
37 38
37 39
37 40
37 41
37 43
37 47
37 49
37 50
37 51
37 52
37 53
37 61
37 63
37 64
37 65
37 66
37 67
37 68
37 71
37 72
37 73
37 74
37 75
37 81
37 82
37 85
37 87
37 89
37 91
37 93
37 95
37 98
37 99
37 100
37 101
37 102
37 103
37 104
37 105
37 106
37 107
37 108
37 110
37 112
37 114
37 116
37 118
37 120
37 122
37 124
37 126
37 130
37 132
37 134
37 136
37 138
37 140
37 142
37 143
37 144
37 145
37 146
37 147
37 148
37 149
37 150
37 151
37 152
37 153
37 154
37 155
37 156
37 157
37 158
37 159
37 160
37 161
37 162
37 163
37 164
37 165
37 166
37 167
37 168
37 169
37 170
37 171
37 172
37 173
37 175
37 177
37 179
37 181
37 184
37 185
37 186
37 188
37 189
37 198
37 199
37 200
37 202
37 203
37 207
37 209
37 210
37 211
37 212
37 213
37 216
37 217
37 218
37 221
37 222
37 223
37 224
37 225
37 226
37 227
37 228
37 229
37 230
37 232
37 233
37 234
37 235
37 236
37 238
37 239
37 240
37 241
37 242
37 243
37 244
37 245
37 249
37 250
37 253
37 258
37 260
37 262
37 274
37 275
37 276
37 278
37 280
37 281
37 283
37 284
37 285
37 288
37 289
37 290
37 291
37 292
37 295
37 296
37 297
37 300
37 301
37 303
37 304
37 305
37 306
37 307
37 308
37 309
37 310
37 311
37 312
37 315
37 316
37 319
37 332
37 344
37 349
37 350
37 352
37 353
37 359
37 360
37 361
37 362
37 364
37 367
37 369
37 370
37 371
37 372
37 423
37 424
37 425
37 426
37 427
37 428
37 429
37 430
37 431
37 432
37 433
37 434
37 435
37 436
37 437
37 438
37 441
37 443
37 445
37 454
37 456
37 459
37 468
37 470
37 472
37 489
37 490
37 491
37 496
38 12
38 13
38 14
38 16
38 19
38 20
38 21
38 22
38 23
38 25
38 27
38 29
38 30
38 31
38 32
38 33
38 38
38 39
38 40
38 41
38 42
38 43
38 44
38 45
38 48
38 49
38 50
38 52
38 53
38 63
38 64
38 65
38 66
38 67
38 68
38 71
38 72
38 74
38 75
38 80
38 82
38 85
38 87
38 89
38 91
38 93
38 95
38 110
38 112
38 114
38 116
38 118
38 120
38 122
38 124
38 126
38 130
38 131
38 132
38 134
38 136
38 138
38 140
38 175
38 177
38 179
38 181
38 186
38 189
38 197
38 199
38 201
38 203
38 207
38 208
38 209
38 210
38 213
38 216
38 217
38 218
38 219
38 220
38 221
38 222
38 223
38 224
38 225
38 226
38 228
38 229
38 230
38 231
38 232
38 233
38 234
38 235
38 237
38 238
38 240
38 241
38 242
38 243
38 244
38 245
38 249
38 250
38 251
38 253
38 255
38 258
38 260
38 262
38 264
38 265
38 266
38 267
38 268
38 269
38 270
38 271
38 272
38 273
38 275
38 276
38 277
38 278
38 280
38 282
38 283
38 284
38 285
38 287
38 288
38 290
38 291
38 292
38 295
38 296
38 297
38 300
38 302
38 303
38 304
38 305
38 306
38 307
38 308
38 309
38 310
38 312
38 332
38 333
38 334
38 335
38 336
38 340
38 341
38 343
38 344
38 441
38 442
38 443
38 452
38 453
38 454
38 455
38 456
38 459
38 460
38 462
38 463
38 466
38 472
39 4
39 5
39 6
39 7
39 8
39 12
39 13
39 14
39 16
39 20
39 21
39 22
39 24
39 25
39 26
39 29
39 30
39 32
39 33
39 36
39 37
39 38
39 39
39 40
39 41
39 43
39 44
39 45
39 47
39 48
39 49
39 50
39 51
39 52
39 53
39 54
39 57
39 58
39 59
39 60
39 64
39 65
39 66
39 67
39 68
39 80
39 85
39 87
39 89
39 91
39 93
39 95
39 96
39 97
39 98
39 99
39 100
39 101
39 102
39 103
39 104
39 105
39 106
39 107
39 108
39 109
39 110
39 112
39 114
39 116
39 118
39 120
39 122
39 124
39 126
39 134
39 136
39 138
39 140
39 141
39 142
39 143
39 144
39 145
39 146
39 147
39 148
39 149
39 150
39 151
39 152
39 153
39 154
39 155
39 156
39 157
39 158
39 159
39 160
39 161
39 162
39 163
39 164
39 165
39 166
39 167
39 168
39 169
39 170
39 171
39 172
39 173
39 174
39 175
39 177
39 179
39 181
39 186
39 189
39 197
39 203
39 208
39 209
39 210
39 211
39 212
39 217
39 218
39 219
39 220
39 221
39 222
39 223
39 224
39 225
39 226
39 229
39 230
39 231
39 232
39 233
39 234
39 235
39 239
39 240
39 241
39 244
39 245
39 249
39 250
39 251
39 255
39 258
39 260
39 262
39 264
39 275
39 277
39 278
39 281
39 282
39 283
39 284
39 285
39 287
39 288
39 291
39 292
39 293
39 294
39 295
39 300
39 301
39 303
39 304
39 305
39 308
39 309
39 310
39 311
39 312
39 319
39 320
39 321
39 322
39 340
39 344
39 347
39 348
39 349
39 350
39 351
39 352
39 353
39 354
39 355
39 356
39 357
39 358
39 359
39 360
39 361
39 362
39 363
39 364
39 365
39 366
39 367
39 368
39 369
39 370
39 371
39 372
39 373
39 374
39 375
39 376
39 377
39 378
39 379
39 380
39 381
39 382
39 383
39 384
39 385
39 386
39 387
39 388
39 389
39 390
39 391
39 392
39 393
39 394
39 395
39 423
39 424
39 426
39 427
39 428
39 429
39 430
39 431
39 432
39 433
39 434
39 435
39 436
39 437
39 438
39 463
39 466
39 468
39 472
39 478
39 480
39 481
39 482
39 483
40 4
40 6
40 8
40 16
40 17
40 23
40 25
40 30
40 31
40 32
40 85
40 87
40 89
40 91
40 93
40 112
40 114
40 116
40 118
40 120
40 122
40 124
40 126
40 134
40 136
40 138
40 177
40 179
40 181
40 186
40 187
40 188
40 189
40 190
40 191
40 201
40 203
40 208
40 209
40 210
40 211
40 213
40 217
40 219
40 220
40 222
40 223
40 224
40 229
40 230
40 231
40 233
40 234
40 235
40 250
40 251
40 252
40 253
40 258
40 260
40 262
40 264
40 266
40 267
40 268
40 269
40 270
40 271
40 272
40 273
40 276
40 277
40 278
40 279
40 280
40 281
40 282
40 285
40 287
40 288
40 289
40 290
40 291
40 292
40 293
40 295
40 299
40 301
40 302
40 304
40 305
40 306
40 307
40 308
40 309
40 310
40 311
40 312
40 314
40 315
40 318
40 319
40 322
40 340
40 341
40 343
40 344
40 395
40 424
40 438
40 459
40 460
40 462
40 463
40 466
40 467
40 468
40 469
40 470
40 471
40 472
40 478
40 480
40 484
41 4
41 6
41 8
41 14
41 15
41 21
41 22
41 23
41 24
41 25
41 26
41 30
41 31
41 32
41 33
41 34
41 35
41 40
41 41
41 42
41 48
41 49
41 50
41 51
41 57
41 58
41 59
41 60
41 61
41 62
41 63
41 64
41 79
41 81
41 83
41 85
41 87
41 89
41 91
41 93
41 94
41 95
41 96
41 97
41 98
41 99
41 100
41 101
41 102
41 103
41 104
41 105
41 106
41 107
41 108
41 109
41 110
41 111
41 112
41 114
41 116
41 118
41 120
41 122
41 124
41 126
41 130
41 131
41 132
41 134
41 136
41 138
41 139
41 140
41 141
41 142
41 143
41 144
41 145
41 146
41 147
41 148
41 149
41 150
41 151
41 152
41 153
41 154
41 155
41 156
41 157
41 158
41 159
41 160
41 161
41 162
41 163
41 164
41 165
41 166
41 167
41 168
41 169
41 170
41 171
41 172
41 173
41 174
41 175
41 176
41 177
41 179
41 232
41 233
41 234
41 235
41 250
41 251
41 252
41 253
41 255
41 258
41 260
41 262
41 264
41 266
41 279
41 280
41 285
41 286
41 287
41 288
41 289
41 290
41 291
41 292
41 293
41 294
41 295
41 296
41 297
41 298
41 299
41 300
41 301
41 302
41 303
41 304
41 306
41 307
41 308
41 309
41 310
41 311
41 312
41 313
41 314
41 315
41 319
41 320
41 321
41 322
41 327
41 328
41 330
41 332
41 340
41 344
41 348
41 349
41 350
41 351
41 352
41 353
41 354
41 355
41 356
41 357
41 358
41 359
41 360
41 361
41 362
41 363
41 364
41 365
41 366
41 367
41 368
41 369
41 370
41 371
41 372
41 373
41 374
41 375
41 376
41 377
41 378
41 379
41 380
41 381
41 382
41 383
41 384
41 385
41 386
41 387
41 388
41 389
41 390
41 391
41 392
41 393
41 395
41 424
41 426
41 427
41 428
41 429
41 430
41 431
41 432
41 433
41 434
41 435
41 436
41 438
41 445
41 446
41 447
41 448
41 450
41 459
41 463
41 478
41 480
41 481
41 482
42 4
42 7
42 8
42 13
42 14
42 15
42 22
42 23
42 24
42 25
42 26
42 27
42 28
42 30
42 31
42 32
42 33
42 35
42 44
42 45
42 46
42 48
42 50
42 60
42 61
42 63
42 69
42 70
42 71
42 76
42 77
42 81
42 82
42 83
42 84
42 90
42 91
42 100
42 103
42 104
42 108
42 109
42 110
42 114
42 118
42 120
42 122
42 124
42 126
42 130
42 132
42 134
42 136
42 179
42 184
42 185
42 187
42 258
42 260
42 262
42 264
42 266
42 268
42 269
42 270
42 271
42 272
42 273
42 279
42 280
42 281
42 282
42 283
42 284
42 285
42 286
42 287
42 288
42 289
42 291
42 292
42 293
42 294
42 295
42 296
42 297
42 298
42 300
42 302
42 303
42 304
42 305
42 309
42 310
42 311
42 312
42 313
42 316
42 318
42 319
42 320
42 321
42 322
42 329
42 331
42 333
42 340
42 341
42 342
42 343
42 344
42 348
42 393
42 395
42 424
42 436
42 438
42 450
42 459
42 460
42 461
42 483
42 489
42 493
43 13
43 15
43 20
43 21
43 22
43 23
43 24
43 26
43 27
43 29
43 34
43 35
43 45
43 46
43 47
43 48
43 49
43 50
43 54
43 55
43 56
43 60
43 61
43 62
43 63
43 64
43 69
43 70
43 71
43 76
43 77
43 81
43 82
43 83
43 84
43 85
43 91
43 92
43 103
43 104
43 110
43 111
43 113
43 115
43 116
43 118
43 120
43 122
43 124
43 126
43 130
43 131
43 134
43 136
43 137
43 138
43 139
43 140
43 141
43 142
43 143
43 144
43 145
43 146
43 147
43 148
43 149
43 150
43 151
43 152
43 153
43 154
43 155
43 156
43 157
43 158
43 159
43 160
43 161
43 162
43 163
43 164
43 165
43 166
43 167
43 168
43 169
43 170
43 171
43 172
43 173
43 174
43 175
43 176
43 177
43 178
43 179
43 187
43 220
43 221
43 222
43 223
43 258
43 260
43 262
43 264
43 266
43 268
43 274
43 275
43 281
43 282
43 283
43 284
43 285
43 286
43 287
43 288
43 289
43 290
43 291
43 292
43 293
43 294
43 296
43 297
43 298
43 299
43 300
43 302
43 303
43 304
43 305
43 308
43 309
43 318
43 320
43 322
43 333
43 348
43 350
43 351
43 352
43 353
43 354
43 355
43 356
43 357
43 358
43 359
43 360
43 361
43 362
43 363
43 364
43 365
43 366
43 367
43 368
43 369
43 370
43 371
43 372
43 373
43 374
43 375
43 376
43 377
43 378
43 379
43 380
43 381
43 382
43 383
43 384
43 385
43 386
43 387
43 388
43 389
43 390
43 391
43 393
43 395
43 406
43 424
43 426
43 427
43 428
43 429
43 430
43 431
43 432
43 433
43 434
43 436
43 438
43 445
43 492
43 493
44 3
44 4
44 5
44 6
44 7
44 13
44 14
44 15
44 24
44 25
44 26
44 27
44 28
44 29
44 30
44 34
44 35
44 36
44 37
44 38
44 42
44 43
44 44
44 45
44 49
44 54
44 55
44 56
44 60
44 61
44 62
44 63
44 64
44 70
44 71
44 73
44 76
44 77
44 78
44 79
44 80
44 81
44 82
44 83
44 84
44 85
44 86
44 87
44 91
44 92
44 93
44 94
44 95
44 96
44 97
44 98
44 99
44 100
44 103
44 104
44 105
44 109
44 110
44 112
44 113
44 114
44 115
44 116
44 118
44 120
44 122
44 124
44 126
44 130
44 132
44 134
44 184
44 186
44 219
44 223
44 258
44 260
44 262
44 264
44 266
44 268
44 270
44 271
44 272
44 273
44 274
44 275
44 276
44 277
44 278
44 279
44 281
44 282
44 283
44 284
44 286
44 287
44 289
44 290
44 291
44 292
44 293
44 294
44 295
44 296
44 297
44 298
44 299
44 300
44 302
44 303
44 304
44 305
44 306
44 311
44 312
44 319
44 320
44 321
44 322
44 327
44 329
44 333
44 348
44 350
44 391
44 393
44 395
44 403
44 404
44 405
44 406
44 424
44 426
44 427
44 428
44 429
44 430
44 431
44 432
44 433
44 434
44 436
44 438
44 445
44 448
44 449
44 450
44 480
44 481
44 483
44 484
44 485
44 492
44 494
45 3
45 13
45 14
45 15
45 17
45 18
45 19
45 20
45 24
45 25
45 26
45 27
45 28
45 29
45 30
45 34
45 35
45 36
45 37
45 38
45 42
45 43
45 44
45 45
45 50
45 51
45 52
45 53
45 61
45 62
45 63
45 64
45 75
45 76
45 77
45 80
45 81
45 82
45 83
45 84
45 85
45 86
45 87
45 89
45 90
45 91
45 92
45 97
45 98
45 100
45 103
45 104
45 105
45 107
45 108
45 109
45 112
45 113
45 114
45 115
45 118
45 120
45 122
45 124
45 126
45 130
45 134
45 135
45 136
45 137
45 138
45 139
45 140
45 141
45 142
45 143
45 144
45 145
